Using license file /spack/apps/linux-centos7-x86_64/gcc-8.3.0/gurobi-9.0.1/license/gurobi.lic
Set parameter TokenServer to value hpc-licenses.hpcc.usc.edu
Changed value of parameter TimeLimit to 3600.0
   Prev: inf  Min: 0.0  Max: inf  Default: inf
Gurobi Optimizer version 9.0.1 build v9.0.1rc0 (linux64)
Optimize a model with 189087 rows, 69235 columns and 924409 nonzeros
Model fingerprint: 0x49be4426
Variable types: 48008 continuous, 21227 integer (21227 binary)
Coefficient statistics:
  Matrix range     [1e+00, 2e+03]
  Objective range  [1e+00, 1e+00]
  Bounds range     [1e+00, 1e+00]
  RHS range        [1e+00, 2e+03]
Presolve removed 5396 rows and 5393 columns (presolve time = 5s) ...
Presolve removed 32780 rows and 13217 columns
Presolve time: 8.31s
Presolved: 156307 rows, 56018 columns, 663723 nonzeros
Variable types: 40184 continuous, 15834 integer (15834 binary)
Found heuristic solution: objective 2425.2199413

Deterministic concurrent LP optimizer: primal and dual simplex
Showing first log only...


Root simplex log...

Iteration    Objective       Primal Inf.    Dual Inf.      Time
       0   -0.0000000e+00   2.584375e+01   5.864311e+07     15s
   37974   -1.7763568e-15   1.012500e+01   5.746221e+08     15s
   42402    2.7572322e+03   0.000000e+00   3.446404e+05     20s
   43332    2.7596570e+03   0.000000e+00   4.686031e+05     26s
   43932    2.7607111e+03   0.000000e+00   2.084582e+06     30s
   44652    2.7619147e+03   0.000000e+00   2.535161e+06     36s
   45252    2.7630517e+03   0.000000e+00   3.955903e+06     41s
   45732    2.7641516e+03   0.000000e+00   8.874009e+06     45s
   46212    2.7656689e+03   0.000000e+00   6.396578e+06     50s
   46812    2.7677427e+03   0.000000e+00   4.244814e+06     56s
   47292    2.7695654e+03   0.000000e+00   9.613157e+06     61s
Concurrent spin time: 0.03s

Solved with dual simplex

Root relaxation: objective 1.198200e+04, 63751 iterations, 46.49 seconds

    Nodes    |    Current Node    |     Objective Bounds      |     Work
 Expl Unexpl |  Obj  Depth IntInf | Incumbent    BestBd   Gap | It/Node Time

     0     0 11982.0000    0 15610 2425.21994 11982.0000   394%     -   82s
H    0     0                    2753.5426829 11982.0000   335%     -   82s
     0     0 11252.0000    0 15609 2753.54268 11252.0000   309%     -  197s
     0     0 10691.0000    0 15609 2753.54268 10691.0000   288%     -  360s
     0     0 10690.5000    0 15609 2753.54268 10690.5000   288%     -  364s
     0     0 10183.1250    0 15609 2753.54268 10183.1250   270%     -  602s
     0     0 10181.5000    0 15609 2753.54268 10181.5000   270%     -  623s
     0     0 10181.2500    0 15609 2753.54268 10181.2500   270%     -  627s
     0     0 8206.33333    0 15635 2753.54268 8206.33333   198%     - 2012s
     0     0          -    0      2753.54268 8206.33333   198%     - 3600s

Cutting planes:
  Gomory: 661
  MIR: 3141
  Flow cover: 3
  RLT: 12969
  Relax-and-lift: 3

Explored 1 nodes (523062 simplex iterations) in 3600.05 seconds
Thread count was 20 (of 20 available processors)

Solution count 2: 2753.54 2425.22 

Time limit reached
Best objective 2.753542682927e+03, best bound 8.206333333333e+03, gap 198.0282%
{1: 22, 2: 22, 3: 22, 4: 22, 5: 22, 6: 22, 7: 22}



#########node 1
X.3..3
#########node 2
X.3..3
#########node 3
X.3..3
#########node 4
X.3..3
#########node 5
X.3..3
#########node 6
X.3..3
#########node 7
X.3..3
#########node 8
leaf 1
#########node 9
leaf 1
#########node 10
leaf 1
#########node 11
leaf 1
#########node 12
leaf 0
#########node 13
leaf 0
#########node 14
leaf 0
#########node 15
leaf 0


Total Solving Time 3621.0209317207336
obj value 2753.5426829269118
[((1, 0), -0.0), ((1, 1), -0.0), ((1, 2), -0.0), ((1, 3), -0.0), ((1, 4), 0.0), ((1, 5), -0.0), ((1, 6), -0.0), ((1, 7), -0.0), ((1, 8), -0.0), ((1, 9), 0.0), ((1, 10), -0.0), ((1, 11), -0.0), ((1, 12), -0.0), ((1, 13), -0.0), ((1, 14), 0.0), ((1, 15), -0.0), ((1, 16), -0.0), ((1, 17), -0.0), ((1, 18), -0.0), ((1, 19), -0.0), ((1, 20), -0.0), ((1, 21), -0.0), ((1, 22), 1.0), ((1, 23), -0.0), ((1, 24), -0.0), ((1, 25), -0.0), ((1, 26), -0.0), ((1, 27), -0.0), ((1, 28), -0.0), ((2, 0), -0.0), ((2, 1), -0.0), ((2, 2), -0.0), ((2, 3), -0.0), ((2, 4), 0.0), ((2, 5), -0.0), ((2, 6), -0.0), ((2, 7), -0.0), ((2, 8), -0.0), ((2, 9), 0.0), ((2, 10), -0.0), ((2, 11), -0.0), ((2, 12), -0.0), ((2, 13), -0.0), ((2, 14), 0.0), ((2, 15), -0.0), ((2, 16), -0.0), ((2, 17), -0.0), ((2, 18), -0.0), ((2, 19), -0.0), ((2, 20), -0.0), ((2, 21), -0.0), ((2, 22), 1.0), ((2, 23), -0.0), ((2, 24), -0.0), ((2, 25), -0.0), ((2, 26), -0.0), ((2, 27), -0.0), ((2, 28), -0.0), ((3, 0), -0.0), ((3, 1), -0.0), ((3, 2), -0.0), ((3, 3), -0.0), ((3, 4), 0.0), ((3, 5), -0.0), ((3, 6), -0.0), ((3, 7), -0.0), ((3, 8), -0.0), ((3, 9), 0.0), ((3, 10), -0.0), ((3, 11), -0.0), ((3, 12), -0.0), ((3, 13), -0.0), ((3, 14), 0.0), ((3, 15), -0.0), ((3, 16), -0.0), ((3, 17), -0.0), ((3, 18), -0.0), ((3, 19), -0.0), ((3, 20), -0.0), ((3, 21), -0.0), ((3, 22), 1.0), ((3, 23), -0.0), ((3, 24), -0.0), ((3, 25), -0.0), ((3, 26), -0.0), ((3, 27), -0.0), ((3, 28), -0.0), ((4, 0), -0.0), ((4, 1), -0.0), ((4, 2), -0.0), ((4, 3), -0.0), ((4, 4), 0.0), ((4, 5), -0.0), ((4, 6), -0.0), ((4, 7), -0.0), ((4, 8), -0.0), ((4, 9), 0.0), ((4, 10), -0.0), ((4, 11), -0.0), ((4, 12), -0.0), ((4, 13), -0.0), ((4, 14), 0.0), ((4, 15), -0.0), ((4, 16), -0.0), ((4, 17), -0.0), ((4, 18), -0.0), ((4, 19), -0.0), ((4, 20), -0.0), ((4, 21), -0.0), ((4, 22), 1.0), ((4, 23), -0.0), ((4, 24), -0.0), ((4, 25), -0.0), ((4, 26), -0.0), ((4, 27), -0.0), ((4, 28), -0.0), ((5, 0), -0.0), ((5, 1), -0.0), ((5, 2), -0.0), ((5, 3), -0.0), ((5, 4), 0.0), ((5, 5), -0.0), ((5, 6), -0.0), ((5, 7), -0.0), ((5, 8), -0.0), ((5, 9), 0.0), ((5, 10), -0.0), ((5, 11), -0.0), ((5, 12), -0.0), ((5, 13), -0.0), ((5, 14), 0.0), ((5, 15), -0.0), ((5, 16), -0.0), ((5, 17), -0.0), ((5, 18), -0.0), ((5, 19), -0.0), ((5, 20), -0.0), ((5, 21), -0.0), ((5, 22), 1.0), ((5, 23), -0.0), ((5, 24), -0.0), ((5, 25), -0.0), ((5, 26), -0.0), ((5, 27), -0.0), ((5, 28), -0.0), ((6, 0), -0.0), ((6, 1), -0.0), ((6, 2), -0.0), ((6, 3), -0.0), ((6, 4), 0.0), ((6, 5), -0.0), ((6, 6), -0.0), ((6, 7), -0.0), ((6, 8), -0.0), ((6, 9), 0.0), ((6, 10), -0.0), ((6, 11), -0.0), ((6, 12), -0.0), ((6, 13), -0.0), ((6, 14), 0.0), ((6, 15), -0.0), ((6, 16), -0.0), ((6, 17), -0.0), ((6, 18), -0.0), ((6, 19), -0.0), ((6, 20), -0.0), ((6, 21), -0.0), ((6, 22), 1.0), ((6, 23), -0.0), ((6, 24), -0.0), ((6, 25), -0.0), ((6, 26), -0.0), ((6, 27), -0.0), ((6, 28), -0.0), ((7, 0), -0.0), ((7, 1), -0.0), ((7, 2), -0.0), ((7, 3), -0.0), ((7, 4), 0.0), ((7, 5), -0.0), ((7, 6), -0.0), ((7, 7), -0.0), ((7, 8), -0.0), ((7, 9), 0.0), ((7, 10), -0.0), ((7, 11), -0.0), ((7, 12), -0.0), ((7, 13), -0.0), ((7, 14), 0.0), ((7, 15), -0.0), ((7, 16), -0.0), ((7, 17), -0.0), ((7, 18), -0.0), ((7, 19), -0.0), ((7, 20), -0.0), ((7, 21), -0.0), ((7, 22), 1.0), ((7, 23), -0.0), ((7, 24), -0.0), ((7, 25), -0.0), ((7, 26), -0.0), ((7, 27), -0.0), ((7, 28), -0.0)]
Policy Regret train (Sum) 1134
Best Treatment Found train (%) 62.2
treatment classification acc train (%) 54.800000000000004
Policy Regret test (Sum) 507
Best Treatment Found test (%) 63.41991341991342
treatment classification acc test (%) 59.307359307359306
